0 PINHOLE 512 512 811.9283931212659 811.9282710509461 256.00013732910975 255.99998474121003
1 PINHOLE 512 512 811.9283447265625 811.92822265625 255.99996948242188 256.0
2 PINHOLE 512 512 811.9281258668749 811.9281869020239 255.9999694824255 255.99993896485103
3 PINHOLE 512 512 811.9283931212659 811.9283931212659 255.99998474121003 256.00007629394986
4 PINHOLE 512 512 811.9282836914062 811.9282836914062 256.0 256.00006103515625
5 PINHOLE 512 512 811.9282836914062 811.92822265625 256.0 255.99996948242188
6 PINHOLE 512 512 811.9282836914062 811.9284057617188 255.99996948242188 255.99996948242188
7 PINHOLE 512 512 811.9282710509461 811.9282710509461 256.00001525879 255.99996948242006
8 PINHOLE 512 512 811.9281869020239 811.9281258668749 255.9999694824255 255.9999694824255
9 PINHOLE 512 512 811.9283931212659 811.928332086106 256.0000457763699 255.99996948242006
10 PINHOLE 512 512 811.928332086106 811.928332086106 256.00001525879 256.0000457763699
11 PINHOLE 512 512 811.9282479371728 811.9281258668749 255.99990844727654 255.99995422363827
12 PINHOLE 512 512 811.9282836914062 811.9282836914062 256.0 256.0000305175781
13 PINHOLE 512 512 811.92822265625 811.9283447265625 256.0 256.0
14 PINHOLE 512 512 811.9281869020239 811.9281869020239 255.9999694824255 255.99992370606378
15 PINHOLE 512 512 811.9282836914062 811.9282836914062 256.00006103515625 256.0
16 PINHOLE 512 512 811.9281869020239 811.9281869020239 255.99990844727654 255.99993896485103
17 PINHOLE 512 512 811.9283447265625 811.92822265625 256.0001220703125 255.9999542236328
18 PINHOLE 512 512 811.9283447265625 811.92822265625 256.0 256.0000305175781
19 PINHOLE 512 512 811.9282836914062 811.9282836914062 256.0 256.00006103515625
20 PINHOLE 512 512 811.92822265625 811.9282836914062 255.99993896484375 256.0
21 PINHOLE 512 512 811.928332086106 811.9282710509461 256.00001525879 256.00001525879
22 PINHOLE 512 512 811.9282710509461 811.928332086106 256.00001525879 255.99998474121003
23 PINHOLE 512 512 811.9282836914062 811.9282836914062 255.99996948242188 255.99998474121094
24 PINHOLE 512 512 811.9282710509461 811.9283931212659 255.99995422363008 256.00001525879
25 PINHOLE 512 512 811.9283447265625 811.9283447265625 256.0 256.0
26 PINHOLE 512 512 811.9282836914062 811.9283447265625 256.0 255.99996948242188
27 PINHOLE 512 512 811.9283447265625 811.92822265625 256.0000305175781 256.0000305175781
28 PINHOLE 512 512 811.92822265625 811.9283447265625 255.99998474121094 255.99998474121094
29 PINHOLE 512 512 811.9282836914062 811.9282836914062 256.00006103515625 256.0
30 PINHOLE 512 512 811.9282710509461 811.9282710509461 255.99998474121003 256.00001525879
31 PINHOLE 512 512 811.928332086106 811.928332086106 256.00001525879 256.00001525879
32 PINHOLE 512 512 811.9282836914062 811.9282836914062 256.0 255.99996948242188
33 PINHOLE 512 512 811.9282710509461 811.928332086106 256.0000457763699 255.9999389648401
34 PINHOLE 512 512 811.9283447265625 811.9283447265625 255.99996948242188 255.99996948242188
35 PINHOLE 512 512 811.9282836914062 811.9282836914062 255.99993896484375 256.0000305175781
36 PINHOLE 512 512 811.9282836914062 811.92822265625 256.0 255.9999542236328
37 PINHOLE 512 512 811.928332086106 811.9282710509461 256.00001525879 256.00001525879
38 PINHOLE 512 512 811.9282836914062 811.92822265625 256.0 255.9999237060547
39 PINHOLE 512 512 811.9281869020239 811.9282479371728 255.9999694824255 256.0000305175745
40 PINHOLE 512 512 811.92822265625 811.9283447265625 256.0 256.0
41 PINHOLE 512 512 811.92822265625 811.9283447265625 255.99998474121094 256.0
42 PINHOLE 512 512 811.9284541564258 811.9282710509461 256.00001525879 256.00007629394986
43 PINHOLE 512 512 811.9283931212659 811.928332086106 255.99995422363008 256.0
44 PINHOLE 512 512 811.9282836914062 811.9282836914062 256.0000305175781 256.00006103515625
45 PINHOLE 512 512 811.9283447265625 811.9282836914062 255.99996948242188 256.0000305175781
46 PINHOLE 512 512 811.9285151915857 811.928332086106 256.00007629394986 256.0000457763699
47 PINHOLE 512 512 811.9282836914062 811.9283447265625 255.99993896484375 256.0
48 PINHOLE 512 512 811.9283447265625 811.9283447265625 255.9998779296875 255.99998474121094
49 PINHOLE 512 512 811.9282836914062 811.9283447265625 256.0 255.99998474121094
