0 -0.4719055150502897 0.830158611622565 0.14671771899818556 -0.25810032031360447 -3.758654260918707e-07 2.3841857926274e-07 2.5000004768371586 0 000003.png

1 -0.1607672440978223 0.9858096862240562 0.007774574449447625 -0.04767296680666274 2.2551924413732954e-07 1.1708905365885806e-16 2.5 1 000006.png

2 -0.15398205807246237 0.9225352712063811 0.05825779446933732 -0.3490332771463291 3.0069236321849556e-07 2.3841857923811686e-07 2.4999997615814213 2 000007.png

3 0.03978712259650661 -0.6227728018065659 -0.04981916589284204 0.779800662294687 2.2551924406222937e-07 -2.384185790670222e-07 2.500000238418579 3 000009.png

4 -0.30908412547343966 0.91604634492385 0.08171277833500933 -0.24217580223620094 7.517309111268617e-08 -2.3841857952357215e-07 2.5000000000000004 4 000011.png

5 -0.14859831276603172 0.9482408095841602 -0.043448429128754774 0.27725465278063127 7.51730909627228e-08 -0.0 2.500000238418579 5 000012.png

6 -0.12640504735751013 0.9567631613920115 -0.03431205410238867 0.2597088753758402 2.2551927256459855e-07 2.384185792147129e-07 2.5 6 000015.png

7 -0.2609407907675602 0.7931242137088046 0.1719914757801009 -0.5227645909980646 1.5034618116940176e-07 2.3841857836371493e-07 2.500000476837159 7 000017.png

8 -0.017266229234874513 0.9996551056067406 0.0003417229676660246 -0.019784599763405984 4.510385451789273e-07 2.3841857908389376e-07 2.4999992847442627 8 000018.png

9 -0.44702899714872424 0.7201591982328508 -0.27983364427204577 0.45080920181630035 -2.2551924435507357e-07 2.3841857903898053e-07 2.5000002384185787 9 000019.png

10 -0.11652281977120513 0.9736834978832979 0.023273463814583447 -0.19447679631355638 0.0 -0.0 2.500000238418579 10 000020.png

11 0.0023255058871232814 -0.139945245691104 -0.01645146161531943 0.990019832953636 3.0069233509069137e-07 -0.0 2.5000004768371586 11 000022.png

12 -0.21834177623990736 0.8421581006642582 -0.12373884539087832 0.4772685830591657 7.51730903238373e-08 -2.3841857895438835e-07 2.500000238418578 12 000024.png

13 -0.17331852042647852 0.6822502401044519 -0.17488382504415478 0.6884119029276868 1.5034618172729013e-07 2.3841857928987275e-07 2.500000238418579 13 000026.png

14 -0.11322797244194929 0.7680061154146135 -0.0919399056835777 0.6236129301781155 2.2551927256432115e-07 2.38418579108408e-07 2.499999761581421 14 000027.png

15 -0.03817035203075999 0.09084075396652362 -0.38549597288793847 0.9174332872377279 7.091795900813588e-17 2.3841857917715855e-07 2.5 15 000028.png

16 -0.4796206947956751 0.8711051850748203 0.05090590311143912 -0.09245720462941565 6.013847269088534e-07 4.768371583772935e-07 2.4999995231628422 16 000030.png

17 -0.42450796188310286 0.8282465458331266 0.16684224345171147 -0.32552160514065476 -3.0069233477290123e-07 2.3841857903117054e-07 2.5 17 000032.png

18 -0.0014393924298855398 0.16045334692380922 -0.008854144300768594 0.9870026624782132 2.2551924436131938e-07 2.3841857909865223e-07 2.4999997615814213 18 000033.png

19 -0.4683469934638041 0.877569147945893 -0.04829973465112343 0.09050204373143042 3.006923634047107e-07 0.0 2.4999997615814205 19 000037.png

20 -0.01717610513448168 0.8853498663032606 0.009011853669329153 -0.46452059388432954 5.262116359786055e-07 4.768371582199911e-07 2.499999761581421 20 000038.png

21 0.06171386762961669 -0.31793823197828264 -0.18027946850142743 0.9287658437009623 1.5034618180578902e-07 2.384185792742036e-07 2.4999999999999996 21 000040.png

22 -0.023573546309294632 0.11217358767174887 -0.2043045604638611 0.9721733491085428 2.2551927258012342e-07 4.768371583014221e-07 2.4999997615814213 22 000041.png

23 0.18221510884506528 -0.36513438660917485 -0.4076526030741224 0.8168805843151214 7.517309085599133e-08 2.384185792993302e-07 2.500000476837158 23 000045.png

24 0.0410096019643655 -0.6813941168388354 -0.043901653581325306 0.729446992520343 3.758654543072207e-07 -0.0 2.5 24 000046.png

25 -0.1087786097869159 0.8289021879302388 -0.07139690806062123 0.5440504190023865 1.5034616750151342e-07 2.2982663094544535e-16 2.4999999999999996 25 000048.png

26 0.030922668748669793 -0.4496811108584065 -0.061239417759413564 0.8905506278741809 1.5034618214338265e-07 -0.0 2.4999995231628422 26 000051.png

27 -0.2556459073194754 0.8277472053176277 -0.14739247373694905 0.4772370405211256 -2.2551924397017796e-07 -2.38418579373761e-07 2.500000238418579 27 000053.png

28 0.08109665338159397 -0.32012457445672254 -0.23179414728092534 0.9149945698885413 1.50346181755938e-07 -2.384185791525283e-07 2.499999523162842 28 000054.png

29 -0.112053347729082 0.5479427471311796 -0.16608706251498445 0.8121686282996811 -7.51730907078852e-08 2.3841857900597158e-07 2.500000238418579 29 000055.png

30 0.11982766384047697 -0.6254384661114922 -0.1450803932516703 0.7572448319933114 2.2551927251760426e-07 2.3896678715608884e-16 2.5 30 000056.png

31 0.04168466744371154 -0.6891048466381776 -0.04368308205582973 0.7221417362138716 -7.517309083836856e-08 2.3841857907967292e-07 2.500000476837158 31 000057.png

32 -0.32403847832294175 0.9370722683941484 -0.042478669349780444 0.1228421386295011 1.5034618184615588e-07 2.384185796875472e-07 2.500000238418579 32 000058.png

33 0.24440539790279261 -0.40716665236691196 -0.4529236863762848 0.7545471840750694 7.388026984866668e-17 2.384185790952347e-07 2.5 33 000059.png

34 0.23619811011066272 -0.45742117917162334 -0.3933423334080627 0.7617467600026231 2.2551924431304544e-07 0.0 2.5000000000000004 34 000066.png

35 -0.017503356249240938 0.9124034315299946 0.007843157846611696 -0.40884238470013834 5.262116359770819e-07 -2.3841857911693525e-07 2.499999761581421 35 000067.png

36 -0.43776607842762466 0.8947209710169549 0.03890240936387317 -0.0795100443105262 1.5034618178088495e-07 4.768371579604962e-07 2.5 36 000070.png

37 -0.0497020537361124 0.9082380727329974 -0.02270322968952066 0.41487091059066566 3.7586545312564846e-07 1.1168924723939022e-16 2.49999976158142 37 000071.png

38 -0.19838078859615604 0.9672939178291878 -0.03175822611894123 0.1548513943121138 -7.517309079368741e-08 4.768371582628968e-07 2.4999999999999996 38 000075.png

39 0.03603615792822184 -0.12841814249723368 -0.267765669190818 0.9542073791383747 1.503461819047335e-07 2.6000358003517982e-16 2.499999761581421 39 000076.png

40 -0.49043095961712363 0.5486351160689922 -0.45126137910292863 0.5048169480070124 1.5034618172594356e-07 2.3841857909108068e-07 2.5000002384185795 40 000077.png

41 0.04219964097650249 -0.11140022272348478 -0.3517235689779874 0.9284932480659186 1.5034618175757558e-07 -2.3841857892189035e-07 2.4999995231628414 41 000079.png

42 -0.3629303400221943 0.6649183288614842 0.3127654805250208 -0.5730121625475136 -7.51730767666976e-08 -2.384185793783076e-07 2.500000000000001 42 000082.png

43 0.28287348254827027 -0.4523168251768184 -0.4484776652822804 0.7171191437103962 1.503461676200364e-07 2.3841857870655318e-07 2.500000238418579 43 000086.png

44 -0.27434361118126055 0.9594952624444234 0.0176122200563906 -0.06159735428910556 -7.379872468604442e-17 2.6158261152615173e-16 2.500000238418579 44 000087.png

45 -0.6385468372350781 0.7695567305312065 0.004057500612221778 -0.004889973413068319 1.5034616751526455e-07 -2.3841857906455748e-07 2.500000238418579 45 000088.png

46 -0.4220224035717629 0.6260650113334973 0.36650408276536256 -0.5437043771975909 2.803213258560361e-17 0.0 2.4999999999999996 46 000089.png

47 -0.005458765490931364 0.0460315049729654 -0.11763585799943707 0.9919743481269941 3.0069236345134995e-07 2.3841857894443733e-07 2.4999995231628422 47 000091.png

48 -0.01522180509102822 0.4191207395063857 -0.03294825576729232 0.9072047810760724 4.5103848841796646e-07 -0.0 2.5 48 000095.png

49 -0.021803455744357225 0.6830073289301171 -0.023294476942047317 0.7297143038815581 1.5034618174839872e-07 -5.562440576099003e-17 2.499999523162842 49 000096.png

