1 SIMPLE_RADIAL 512 910 684.45 256 455 -0.00256758
2 SIMPLE_RADIAL 512 910 683.393 256 455 -0.00185434
3 SIMPLE_RADIAL 512 910 686.087 256 455 0.000354292
4 SIMPLE_RADIAL 512 910 683.521 256 455 -0.00524919
5 SIMPLE_RADIAL 512 910 682.163 256 455 -0.000587367
6 SIMPLE_RADIAL 512 910 681.802 256 455 0.00282917
7 SIMPLE_RADIAL 512 910 684.343 256 455 0.00529299
8 SIMPLE_RADIAL 512 910 682.444 256 455 0.00442465
9 SIMPLE_RADIAL 512 910 685.121 256 455 0.00404446
10 SIMPLE_RADIAL 512 910 684.42 256 455 0.00423897
11 SIMPLE_RADIAL 512 910 683.302 256 455 0.0031807
12 SIMPLE_RADIAL 512 910 686.236 256 455 0.0167112
13 SIMPLE_RADIAL 512 910 687.1 256 455 0.0278298
14 SIMPLE_RADIAL 512 910 681.567 256 455 0.0116692
15 SIMPLE_RADIAL 512 910 682.806 256 455 0.00874076
16 SIMPLE_RADIAL 512 910 682.096 256 455 0.00896868
17 SIMPLE_RADIAL 512 910 684.476 256 455 0.0101108
18 SIMPLE_RADIAL 512 910 686.738 256 455 0.0111497
19 SIMPLE_RADIAL 512 910 682.936 256 455 0.0162111
20 SIMPLE_RADIAL 512 910 682.036 256 455 0.0191423
21 SIMPLE_RADIAL 512 910 680.733 256 455 0.0213168
22 SIMPLE_RADIAL 512 910 679.327 256 455 0.0286399
23 SIMPLE_RADIAL 512 910 686.784 256 455 0.0146933
24 SIMPLE_RADIAL 512 910 683.592 256 455 0.0136852
25 SIMPLE_RADIAL 512 910 680.646 256 455 0.00920534
26 SIMPLE_RADIAL 512 910 684 256 455 0.00925514
27 SIMPLE_RADIAL 512 910 682.916 256 455 0.0173277
28 SIMPLE_RADIAL 512 910 683.541 256 455 0.0107809
29 SIMPLE_RADIAL 512 910 684.329 256 455 0.015477
30 SIMPLE_RADIAL 512 910 679.156 256 455 0.0169619
31 SIMPLE_RADIAL 512 910 681.027 256 455 0.0186732
32 SIMPLE_RADIAL 512 910 684.061 256 455 0.0121369
33 SIMPLE_RADIAL 512 910 679.867 256 455 0.017008
34 SIMPLE_RADIAL 512 910 679.175 256 455 0.0179168
35 SIMPLE_RADIAL 512 910 682.97 256 455 0.0158613
36 SIMPLE_RADIAL 512 910 686.538 256 455 0.013764
37 SIMPLE_RADIAL 512 910 679.23 256 455 0.0229649
38 SIMPLE_RADIAL 512 910 682.192 256 455 0.0231012
39 SIMPLE_RADIAL 512 910 683.052 256 455 0.0182364
40 SIMPLE_RADIAL 512 910 684.603 256 455 0.0218512
41 SIMPLE_RADIAL 512 910 700.769 256 455 0.0101848
42 SIMPLE_RADIAL 512 910 691.43 256 455 0.0263708
43 SIMPLE_RADIAL 512 910 694.703 256 455 0.0214386
44 SIMPLE_RADIAL 512 910 693.285 256 455 0.0290612
45 SIMPLE_RADIAL 512 910 703.903 256 455 0.00623361
46 SIMPLE_RADIAL 512 910 697.73 256 455 0.0175759
47 SIMPLE_RADIAL 512 910 697.509 256 455 0.0224674
48 SIMPLE_RADIAL 512 910 697.323 256 455 0.0168745
49 SIMPLE_RADIAL 512 910 695.475 256 455 0.0212641
50 SIMPLE_RADIAL 512 910 693.99 256 455 0.0241565
51 SIMPLE_RADIAL 512 910 699.911 256 455 0.0198602
52 SIMPLE_RADIAL 512 910 691.298 256 455 0.0340996
53 SIMPLE_RADIAL 512 910 697.016 256 455 0.00458005
54 SIMPLE_RADIAL 512 910 695.478 256 455 0.0408092
55 SIMPLE_RADIAL 512 910 699.357 256 455 0.0207306
56 SIMPLE_RADIAL 512 910 696.227 256 455 0.0174513
57 SIMPLE_RADIAL 512 910 697.787 256 455 0.0213372
58 SIMPLE_RADIAL 512 910 692.864 256 455 0.0390053
59 SIMPLE_RADIAL 512 910 699.678 256 455 0.0340043
60 SIMPLE_RADIAL 512 910 704.37 256 455 0.0236435
61 SIMPLE_RADIAL 512 910 697.648 256 455 0.0232675
62 SIMPLE_RADIAL 512 910 698.973 256 455 0.0224323
63 SIMPLE_RADIAL 512 910 698.989 256 455 0.0293108
64 SIMPLE_RADIAL 512 910 702.382 256 455 0.0294252
65 SIMPLE_RADIAL 512 910 699.244 256 455 0.0392597
66 SIMPLE_RADIAL 512 910 699.081 256 455 0.0337646
67 SIMPLE_RADIAL 512 910 698.012 256 455 0.0421846
68 SIMPLE_RADIAL 512 910 700.375 256 455 0.0489176
69 SIMPLE_RADIAL 512 910 703.355 256 455 0.0418712
70 SIMPLE_RADIAL 512 910 697.927 256 455 0.053388
71 SIMPLE_RADIAL 512 910 699.58 256 455 0.0471838
72 SIMPLE_RADIAL 512 910 698.661 256 455 0.0455214
73 SIMPLE_RADIAL 512 910 703.146 256 455 0.0361477
74 SIMPLE_RADIAL 512 910 699.525 256 455 0.0486217
